6218 Apple 910 40
5075 Avocado 730 47
1234 Banana 754 11
8115 Blackberry 940 32
5881 Blueberry 454 26
4376 Cherry 824 5
0348 Coconut 153 25
8189 Eggplant 73 4
7433 Grape 544 44
3561 Kiwi 549 38
6148 Lemon 959 47
4461 Lime 516 42
3480 Mango 741 28
3200 Melon 542 34
2727 Watermelon 105 9
5767 Pear 618 30
8702 Pineapple 765 38
4902 Tomato 79 11
9306 Potato 127 36
7688 Strawberry 319 22
7476 Peach 934 27
2516 Orange 148 11
3734 Cucumber 599 22
8759 Onion 550 8
8492 Carrot 626 41
8093 Pumpkin 61 11
9402 Garlic 342 29
3627 Beans 968 38
7004 Corn 279 21
6242 Water 30 49